24 0 0 0 0 20 0 0 0 0 9 0 0 2 0 0 0 0 10 0 0 0 0 0 0
4 0 0 1 0 11 0 0 0 0 0 3 0 0 0 0 0 15 0 0 0 0 0 0 0
0 0 0 0 0 0 0 0 0 0 0 0 0 22 0 0 0 0 0 0 0 4 0 0 0
19 0 0 22 0 0 0 0 0 0 0 0 0 0 0 0 0 16 0 0 0 0 0 0 0
0 0 0 0 25 0 0 0 0 0 0 16 18 0 0 0 0 0 0 17 0 0 0 0 0
7 0 0 0 24 0 20 18 4 0 0 0 0 0 0 0 0 0 0 0 0 0 0 0 0
0 0 13 0 0 0 0 0 0 0 0 0 0 21 0 0 0 4 3 6 0 0 5 0 0
0 0 0 0 0 0 0 8 0 22 0 0 0 0 0 0 0 0 0 13 0 0 0 24 0
0 0 0 0 0 0 0 0 0 0 0 19 0 0 17 0 9 0 0 0 0 0 0 0 0
0 3 0 0 0 0 0 0 0 0 0 0 0 0 0 7 0 0 0 0 0 0 0 0 0
0 0 0 0 13 0 0 0 0 0 0 0 0 0 0 10 0 0 0 0 0 0 17 0 0
0 0 0 0 0 0 0 0 0 0 18 0 0 0 20 0 0 0 0 0 0 0 0 0 0
0 0 5 23 0 0 0 0 13 0 17 0 0 0 0 9 0 2 0 0 0 0 0 0 4
0 0 0 4 1 0 0 0 0 0 0 6 5 0 0 0 0 0 0 0 0 0 12 2 0
0 0 0 19 0 0 0 0 0 0 0 0 0 0 0 20 4 1 0 0 0 10 0 6 0
0 0 20 0 0 0 0 0 0 0 0 0 0 0 0 0 0 0 0 21 0 0 0 7 0
0 0 0 0 17 0 0 0 0 20 0 0 0 25 0 6 0 0 0 0 0 0 0 0 0
0 0 0 0 0 0 0 2 0 0 0 0 0 15 13 0 0 0 0 0 10 6 0 0 0
0 0 0 0 0 0 0 0 0 0 0 0 0 5 0 0 0 0 14 0 0 0 0 0 0
0 14 0 0 0 0 3 0 18 0 0 0 0 0 0 0 5 0 0 0 21 13 24 0 0
0 0 0 12 0 0 0 5 0 0 0 20 0 18 0 15 0 11 0 0 0 0 0 0 0
0 0 0 0 0 0 0 0 0 0 0 9 4 0 0 0 8 10 0 0 0 0 0 0 0
0 0 0 8 0 0 7 25 0 0 13 0 0 0 0 0 0 0 0 0 0 3 0 0 18
15 0 0 0 0 0 0 0 9 0 0 0 0 0 0 0 0 0 0 0 0 0 0 0 8
0 0 23 0 0 13 0 0 0 0 0 0 0 0 0 0 0 0 2 14 4 0 0 0 0
