0 0 0 0 9 0 0 15 3 0 0 1 6 0 0 12
0 0 0 2 0 0 0 0 0 5 0 0 9 0 0 8
12 6 0 7 3 1 16 0 0 0 0 8 14 4 10 0
0 0 0 0 0 12 5 0 14 0 4 0 0 0 0 0
0 0 0 9 13 0 0 6 0 1 0 2 0 3 12 0
2 0 1 14 10 0 0 0 0 0 0 7 13 0 8 15
0 0 0 0 0 0 12 0 0 11 9 0 16 0 0 0
7 5 0 0 16 2 1 0 0 8 0 0 10 9 0 0
0 7 3 1 2 0 14 0 0 6 0 0 4 0 0 0
0 2 0 11 4 13 0 0 7 0 1 0 15 0 0 5
5 0 6 0 0 16 3 1 0 0 8 13 0 11 0 0
13 0 9 0 15 5 6 12 2 14 11 0 0 0 0 0
9 11 4 13 0 0 15 5 0 0 0 0 12 0 0 0
0 1 0 0 0 0 0 0 12 0 0 0 0 0 15 6
0 0 0 0 12 0 7 16 0 4 13 0 0 10 0 0
3 12 7 16 1 14 0 10 0 15 0 6 11 13 4 0
