14 6 0 0 12 0 0 0 4 0 0 11 3 0 13 8
16 9 0 11 6 0 5 0 0 8 3 0 12 7 0 1
0 0 13 0 9 4 0 16 15 1 0 0 6 0 0 0
1 0 0 0 0 0 2 8 0 0 6 0 0 0 0 0
0 0 8 0 0 0 4 0 1 12 2 15 0 10 14 0
0 5 16 4 7 14 10 0 8 0 0 0 0 0 1 0
0 0 0 15 11 0 0 3 0 6 7 0 0 4 0 9
0 0 0 10 0 0 0 0 0 9 0 0 0 0 8 3
0 0 11 0 14 0 0 0 0 0 8 0 0 0 7 15
10 14 5 0 1 7 6 0 11 0 16 3 0 12 0 13
0 0 2 0 0 11 0 0 0 0 1 6 0 0 0 0
15 0 7 0 8 0 12 13 5 0 14 0 0 0 11 4
0 15 6 14 0 12 1 0 0 0 0 16 0 8 0 0
0 4 3 0 0 0 16 5 12 0 13 0 0 14 6 0
0 0 0 0 0 0 0 7 3 11 4 8 0 1 12 0
0 0 0 0 4 3 0 11 0 0 15 0 0 16 0 0
