5 10 0 7 1 0 11 3 4 16 0 2 0 0 6 12
0 14 0 0 4 16 0 0 0 0 11 0 0 10 0 13
0 0 0 0 0 0 10 0 6 0 0 15 3 0 0 0
0 0 0 0 0 0 14 0 0 0 10 5 0 0 0 0
0 0 0 2 0 0 0 0 0 0 8 0 0 0 0 11
0 16 0 0 0 0 13 0 0 9 0 0 0 0 0 0
1 0 0 0 2 9 12 0 0 0 13 0 4 0 0 0
0 0 11 3 0 14 0 1 5 0 0 0 0 0 0 0
0 0 15 8 12 2 0 14 0 3 7 0 9 0 16 5
14 6 2 12 0 5 4 9 8 0 0 0 10 0 13 0
0 0 0 0 13 0 7 0 0 0 0 14 11 0 8 0
10 0 0 0 0 0 1 0 16 0 4 0 0 6 0 0
12 0 4 9 0 0 0 0 14 6 0 8 13 3 0 1
0 0 1 0 14 0 0 8 0 7 0 16 12 0 9 0
8 0 0 0 9 4 2 0 0 0 3 0 16 0 10 0
16 5 0 10 0 0 0 13 9 0 0 12 8 0 14 6
