0 12 14 0 0 13 3 0 5 2 0 7 0 0 9 15
13 0 3 0 0 11 0 0 6 15 9 0 0 0 10 2
0 7 0 2 15 0 9 8 0 1 3 0 0 11 0 0
6 0 9 0 2 0 0 0 0 0 0 0 4 0 0 0
0 2 0 0 0 0 0 15 0 8 0 0 16 0 0 0
0 0 0 0 0 0 6 1 0 4 0 0 0 9 0 0
0 0 0 8 7 0 5 16 0 12 0 0 0 10 0 0
9 15 11 0 4 0 0 2 14 0 0 16 1 0 6 8
0 10 0 0 0 0 0 0 0 6 0 0 0 0 0 5
12 0 0 0 0 0 1 0 0 13 2 10 0 8 0 0
4 3 1 6 0 0 0 14 8 0 15 0 0 0 2 13
8 0 0 0 0 0 2 0 0 0 0 0 3 0 0 6
0 0 7 0 9 1 8 6 0 0 0 13 0 0 12 14
0 0 0 3 0 15 0 11 1 0 8 0 5 0 7 0
15 11 0 14 0 2 0 0 16 0 7 5 0 0 0 9
0 6 0 0 0 16 0 5 0 0 12 11 13 0 4 0
