0 6 13 0 0 1 0 12 9 7 5 0 0 0 0 0
2 0 0 11 0 0 9 0 0 12 0 16 14 13 0 0
0 0 9 7 6 14 13 8 4 0 2 0 1 15 12 0
1 0 0 0 10 0 0 0 0 0 14 0 0 9 7 3
12 0 0 0 9 11 10 0 0 0 8 0 0 3 14 0
11 0 10 0 0 0 0 0 16 0 12 0 0 6 1 0
0 13 0 0 0 8 0 1 0 0 11 0 0 0 0 4
0 15 0 1 4 12 0 0 0 0 7 0 0 0 5 9
6 12 0 15 11 0 2 4 0 0 0 8 0 0 9 0
10 0 0 0 8 3 0 13 0 4 16 0 0 0 0 0
0 0 0 4 0 0 5 9 0 15 6 12 0 0 0 0
3 0 0 13 0 6 0 15 5 0 0 0 0 0 4 0
0 0 7 0 0 0 8 0 0 10 0 0 0 0 16 2
0 0 0 0 0 9 7 3 0 0 15 0 0 0 6 1
13 0 0 6 2 15 12 0 7 3 9 0 0 11 10 5
0 0 0 16 5 4 0 10 0 6 0 1 0 7 0 0
