0 16 0 0 0 13 0 0 10 0 0 0 0 0 0 0
10 1 6 0 0 0 0 0 0 0 12 0 13 0 0 8
13 8 0 4 6 0 0 0 0 0 0 0 3 0 0 16
14 0 0 7 0 0 0 0 13 0 0 8 0 0 0 0
0 0 16 14 8 0 0 3 15 0 0 4 6 11 0 9
0 0 11 10 16 0 0 0 12 0 0 2 15 1 13 4
15 4 0 0 0 0 9 0 5 0 0 0 12 8 3 0
12 2 0 0 0 0 0 13 0 0 0 0 5 0 0 7
11 10 0 6 0 16 0 0 0 0 4 0 1 0 0 0
0 14 0 0 0 8 3 12 0 0 0 0 11 7 6 0
0 3 4 0 9 1 13 0 11 0 7 0 0 0 5 14
0 0 0 0 7 11 10 6 0 0 2 0 0 4 0 3
0 0 0 1 0 0 6 11 0 0 3 0 4 13 0 0
4 0 13 8 0 0 0 0 7 0 14 0 0 0 0 0
0 0 0 0 3 0 0 0 4 0 0 0 9 10 1 0
0 0 0 16 0 0 0 8 0 1 0 15 0 14 0 6
