0 0 5 0 0 0 3 0 0 0 0 16 11 0 0 13
0 11 13 6 5 0 2 0 0 0 0 8 0 0 0 0
16 1 0 0 0 9 0 0 0 0 2 15 0 3 0 7
8 10 7 3 0 0 14 1 0 11 6 0 0 2 15 0
0 0 0 8 0 7 16 0 11 0 9 12 0 15 0 4
0 0 1 16 0 0 0 0 0 2 0 0 0 8 5 10
12 0 0 0 4 13 0 0 0 3 8 0 14 16 7 0
13 2 0 15 10 5 0 0 0 14 16 7 6 0 0 0
0 0 8 4 0 0 0 7 0 12 1 14 13 0 6 0
14 0 9 0 0 0 0 0 0 0 4 0 7 10 0 0
0 13 0 0 8 2 0 5 16 0 10 0 0 1 0 9
3 0 0 0 9 0 1 0 0 13 0 6 5 4 2 0
4 8 0 5 0 10 0 16 0 9 12 0 15 0 11 0
11 15 0 0 3 0 0 0 14 0 0 10 0 12 1 6
0 9 6 0 0 11 0 0 3 0 0 4 0 7 0 0
0 0 0 0 0 0 0 0 2 0 0 11 8 0 0 3
