0 3 0 5 4 15 0 9 0 0 2 0 0 11 12 1
0 12 11 0 5 0 3 6 0 0 8 15 13 0 2 0
10 2 7 13 0 11 12 1 6 5 3 0 4 0 0 0
0 0 0 4 13 0 0 10 1 0 0 0 0 0 3 0
0 0 0 0 6 0 0 0 0 0 7 0 0 0 11 0
0 0 0 0 9 8 0 13 0 10 0 0 0 0 16 0
0 11 2 0 0 12 16 0 0 6 15 0 0 0 7 0
13 0 0 0 0 0 11 0 5 0 16 0 6 0 0 0
0 0 0 0 0 0 6 0 15 0 9 0 8 13 10 0
0 6 5 12 0 0 9 0 0 0 10 0 0 0 0 0
0 10 0 8 2 0 1 0 16 12 0 0 3 4 9 0
0 0 4 0 8 13 0 0 11 2 1 14 12 0 0 0
3 0 0 0 0 9 13 0 2 7 0 0 11 1 0 0
2 0 0 0 11 0 0 0 3 16 4 0 0 0 13 0
8 0 0 0 7 0 0 0 12 0 0 0 16 6 0 0
0 0 1 0 0 6 0 3 0 0 0 0 0 0 14 0
