0 12 0 0 14 0 0 0 0 0 0 0 0 1 2 0
1 0 0 2 0 5 12 3 0 0 0 0 0 0 6 0
0 9 7 0 0 0 11 0 0 4 0 1 3 0 8 12
13 0 0 0 2 0 0 0 0 0 8 0 7 0 0 0
0 10 0 9 11 0 0 0 0 0 16 15 0 0 0 0
0 0 0 0 0 15 1 2 5 0 0 4 0 3 9 0
0 1 2 16 0 4 5 0 10 0 9 3 0 7 11 0
0 0 8 12 0 0 10 0 13 6 11 0 2 15 0 0
0 0 0 0 0 0 0 0 8 10 3 12 0 9 0 0
16 0 0 4 3 0 0 10 0 13 7 9 0 0 0 6
0 8 0 0 7 9 0 0 0 1 15 11 0 16 4 2
9 0 13 7 0 0 6 1 0 5 4 16 10 12 0 0
6 15 16 0 0 0 0 12 3 0 10 0 0 0 13 0
14 7 11 13 0 6 15 16 0 12 0 0 0 0 0 0
8 3 9 0 0 14 0 0 0 0 0 0 12 0 5 4
0 4 12 0 0 0 0 9 0 11 13 14 0 6 1 15
