0 0 0 0 0 0 11 9 14 0 0 0 13 5 1 2
0 14 10 8 0 0 0 0 5 0 0 2 0 0 7 9
0 6 0 9 0 1 0 0 15 0 4 16 10 0 12 8
1 0 0 2 0 0 0 8 6 11 0 0 0 15 0 16
10 0 14 1 16 0 15 12 0 5 0 0 6 9 11 4
0 2 0 0 0 10 0 1 0 0 0 0 0 0 3 0
3 0 0 0 0 11 0 0 0 0 0 1 0 2 0 0
0 9 0 4 2 0 5 0 16 15 0 0 0 8 0 1
15 0 16 0 4 0 9 0 1 0 14 13 2 0 5 0
0 0 9 3 0 5 0 0 12 16 0 0 8 1 14 13
0 1 0 13 0 0 0 0 7 0 5 0 0 4 0 3
5 0 0 0 1 14 0 13 0 9 6 0 16 0 0 10
0 10 0 14 0 9 4 15 0 0 8 0 0 0 0 0
9 0 4 15 0 0 0 0 10 12 0 14 0 13 0 5
0 13 0 5 0 0 0 14 0 0 0 0 0 0 0 15
0 0 7 0 13 8 0 5 3 0 0 15 0 10 16 0
