2 0 5 1 0 0 10 0 0 0 0 7 0 6 4 0
8 6 0 0 0 12 0 0 0 0 0 0 0 7 16 9
0 0 14 0 0 6 0 0 2 0 0 0 13 3 0 0
11 0 0 10 0 0 0 0 0 0 0 6 0 12 1 0
1 0 0 0 0 0 2 0 16 3 11 14 0 0 9 4
0 0 0 9 1 5 8 0 10 0 2 0 0 0 11 16
0 0 0 0 0 14 0 0 0 0 9 0 0 5 0 1
16 14 3 0 4 0 0 0 0 6 8 5 12 0 2 0
7 0 11 14 6 0 0 0 0 0 0 1 2 0 0 3
6 4 0 15 0 0 0 0 0 2 13 10 0 0 0 7
0 10 2 0 7 0 14 0 6 0 15 0 0 1 0 0
0 0 0 5 3 0 13 0 0 11 0 16 0 0 15 0
15 9 0 7 5 8 6 0 0 0 0 2 0 0 0 14
0 0 4 0 13 0 12 0 0 0 0 0 0 0 0 0
13 2 0 12 0 0 0 10 15 0 7 0 0 0 6 0
0 0 10 0 15 0 0 16 0 0 0 8 0 2 12 13
