0 0 0 0 10 7 0 0 0 9 0 0 0 16 4 12
7 0 14 2 4 16 0 0 0 0 0 0 0 11 0 1
16 4 0 0 0 11 0 0 0 0 0 14 15 0 0 13
11 0 0 1 0 0 13 0 0 0 0 0 0 0 10 2
12 0 0 11 0 0 0 0 0 0 0 0 0 13 0 0
1 15 0 0 0 0 0 3 0 0 0 4 0 0 0 16
0 0 0 7 0 0 0 10 0 0 5 0 4 12 0 11
0 6 0 0 0 0 0 0 0 14 0 3 0 1 0 5
6 16 2 0 0 8 0 0 0 0 0 0 0 15 5 3
0 0 13 10 16 0 0 0 15 0 3 1 0 8 11 9
8 0 0 9 5 0 3 0 0 16 4 2 0 0 7 10
0 5 1 3 0 0 10 13 0 0 0 12 0 0 16 0
0 12 16 0 1 9 0 0 10 0 6 7 0 3 0 14
0 2 0 0 0 4 8 16 3 13 0 0 0 9 1 0
9 0 0 15 0 0 14 0 4 0 0 0 7 10 2 0
3 13 5 14 2 10 0 0 0 1 15 0 0 4 12 0
