0 4 0 0 8 0 0 3 5 6 0 14 0 15 0 10
7 14 0 0 0 0 11 0 13 0 0 15 0 0 0 0
10 15 0 2 0 14 0 0 1 0 8 9 11 4 0 16
8 9 0 3 0 0 0 2 11 0 16 4 5 14 6 0
0 0 12 4 1 0 0 0 0 14 5 0 2 0 15 0
0 0 0 14 11 8 0 0 0 0 0 0 0 0 0 1
1 10 3 0 13 0 0 0 12 4 0 0 6 0 0 0
0 0 0 0 5 0 0 14 0 0 0 10 0 8 0 11
6 11 14 0 12 1 0 0 0 0 2 0 0 0 10 0
3 0 0 10 2 0 15 7 0 0 0 1 0 0 16 0
0 0 0 8 0 0 0 0 0 0 0 0 15 5 0 0
2 0 15 7 0 11 0 16 0 0 0 13 4 0 8 12
15 0 0 5 14 0 0 0 0 0 0 2 0 3 0 0
0 0 0 0 0 0 0 0 0 0 4 3 16 0 11 14
4 3 0 0 0 0 10 0 16 11 0 12 0 6 0 0
14 12 0 11 0 0 8 0 7 5 0 6 0 0 13 9
