1 0 2 0 0 0 0 16 3 8 0 15 9 0 0 0
0 0 0 0 8 7 0 0 2 0 1 0 16 0 5 0
0 6 0 5 4 1 0 0 0 0 0 14 0 8 15 0
7 0 0 0 13 10 0 0 0 6 11 0 0 4 12 1
16 14 0 0 15 0 1 0 0 0 9 10 8 5 0 3
9 12 13 0 0 3 7 8 0 15 0 1 6 0 0 0
3 0 0 0 12 0 10 0 0 0 16 11 4 15 0 0
0 0 4 1 0 0 0 0 0 0 0 7 13 0 0 0
15 0 7 0 9 0 6 0 11 0 0 8 0 2 0 0
0 0 11 8 0 12 0 1 10 9 0 0 7 3 0 0
0 0 10 0 3 0 4 0 0 0 12 13 11 16 0 5
0 0 1 0 16 5 0 11 0 3 15 0 0 0 0 0
0 0 0 0 10 0 0 0 5 0 0 0 0 1 0 0
0 10 0 16 7 0 0 15 0 0 0 9 5 0 0 0
0 11 5 0 0 0 9 12 14 10 6 16 15 7 2 4
0 1 0 0 0 8 0 5 15 7 0 0 0 10 16 6
