16 0 0 14 0 0 0 5 0 0 3 0 9 0 0 0
0 0 0 5 0 0 0 0 0 0 10 9 11 0 0 8
11 0 0 0 15 9 0 0 0 0 0 12 0 0 1 0
0 15 10 0 0 0 3 2 13 14 0 0 12 5 7 6
0 14 0 0 5 8 0 0 2 0 0 13 6 0 9 4
0 0 0 0 4 0 0 10 5 0 12 8 15 0 0 14
0 5 0 0 0 0 0 0 0 0 9 6 13 0 11 0
6 0 0 10 2 0 0 3 0 1 16 0 8 0 0 0
10 0 0 0 0 0 0 0 0 13 0 0 7 6 5 0
0 12 0 0 16 0 4 0 0 6 5 0 0 0 0 11
0 0 14 0 0 0 5 0 12 8 0 0 0 15 0 0
0 0 5 0 11 0 0 13 16 15 4 10 3 8 0 0
4 1 15 16 7 0 0 12 0 11 0 0 0 0 0 0
14 3 0 0 0 5 6 9 7 0 0 0 4 16 15 0
2 7 0 12 1 0 0 0 10 0 0 5 0 0 0 0
5 0 6 0 3 0 13 11 1 0 0 4 0 12 8 0
