12 0 6 0 3 0 1 0 0 5 0 0 15 16 0 0
0 0 1 0 13 7 0 0 15 16 0 0 2 5 0 0
0 15 8 10 2 0 0 0 13 0 0 0 0 0 0 4
5 2 0 11 0 10 8 0 0 0 0 1 13 0 6 0
7 12 0 6 0 0 0 4 0 11 0 0 16 10 13 8
0 0 13 8 5 0 3 11 0 0 0 0 0 0 0 0
11 5 3 0 16 0 0 0 0 4 0 15 12 7 2 0
0 0 0 0 0 0 0 0 0 10 8 0 0 0 3 9
3 0 4 0 0 12 7 13 0 15 16 0 6 0 11 0
0 0 0 5 1 16 0 15 0 0 0 0 8 0 0 0
13 0 0 12 0 0 0 0 0 0 0 11 1 0 0 16
0 1 0 0 0 5 0 2 8 13 0 0 9 0 0 14
0 4 0 15 0 2 0 0 10 8 0 0 0 0 0 0
8 0 0 13 11 3 14 0 7 0 2 0 4 1 0 0
0 0 14 3 0 0 0 0 4 1 0 16 0 6 0 0
0 7 5 0 4 0 16 0 11 9 0 14 0 0 0 0
