14 0 0 11 0 15 9 0 0 12 6 0 0 0 7 1
0 0 0 1 0 0 0 0 13 0 0 11 0 0 0 0
9 3 0 10 0 16 14 11 7 4 0 1 6 12 8 0
6 8 0 2 0 0 0 1 0 0 0 0 14 0 0 0
8 9 2 15 14 1 0 16 5 0 0 4 0 11 0 0
3 5 0 4 6 11 13 0 14 1 0 0 0 0 0 15
13 6 0 0 0 0 0 0 0 0 8 0 0 1 14 0
7 0 0 0 0 0 8 0 0 11 0 0 3 0 0 4
0 0 8 9 0 0 4 0 0 0 15 0 0 0 11 0
0 11 0 6 10 3 15 0 0 0 0 9 4 0 0 0
0 0 7 14 2 0 12 0 0 0 0 0 0 0 10 0
0 0 0 5 11 13 0 6 0 0 0 14 12 8 2 0
2 0 9 3 0 0 1 0 0 0 0 0 11 0 0 0
0 0 0 7 12 0 11 8 0 0 0 0 0 9 15 0
1 0 0 13 0 0 0 0 12 0 0 0 10 5 0 0
11 0 6 0 0 5 0 7 0 9 2 3 0 0 16 13
