0 0 5 4 0 12 0 0 0 0 0 16 0 0 0 13
1 15 0 0 16 0 0 0 2 14 0 0 0 0 9 5
0 0 13 6 4 0 11 0 0 15 0 10 8 16 0 7
8 3 7 0 0 0 2 0 0 0 5 0 0 0 15 0
0 0 0 0 0 0 0 0 10 12 1 9 0 15 7 8
0 0 11 0 9 0 0 12 16 0 8 15 6 0 13 0
0 12 1 9 0 0 16 7 6 0 0 0 0 14 0 0
16 0 8 0 0 2 6 13 0 0 0 14 0 9 0 0
0 0 3 0 0 14 13 0 0 0 0 11 12 0 16 15
12 16 15 1 0 3 0 0 0 4 0 2 0 11 0 9
0 10 9 0 1 0 0 16 0 6 0 8 13 2 0 14
13 4 14 0 0 0 5 0 0 0 15 1 7 8 0 0
0 2 6 7 0 4 0 0 0 0 10 5 0 12 0 0
9 1 0 0 12 0 0 8 0 0 0 7 14 0 0 0
0 0 16 0 0 0 0 0 14 11 0 0 9 0 0 0
14 0 0 0 0 0 0 0 0 0 16 0 3 0 0 6
