0 0 12 5 8 0 0 0 0 0 6 0 0 13 16 0
0 8 0 14 0 0 12 3 0 0 0 0 0 0 15 0
6 7 0 0 0 0 0 0 0 8 0 10 12 3 0 1
13 11 0 16 0 0 0 6 5 0 3 0 10 9 0 0
4 0 9 7 0 0 0 0 0 0 0 0 6 0 1 15
0 0 0 1 16 0 13 10 7 0 4 9 0 2 0 5
0 0 3 0 0 0 0 0 0 0 0 0 0 0 0 16
0 0 13 0 15 1 6 12 0 5 2 0 0 4 7 0
0 13 0 10 0 12 0 0 0 3 16 0 0 0 0 0
0 0 0 0 9 0 7 15 12 0 0 1 8 14 0 0
0 6 0 0 0 0 0 14 0 9 15 7 0 0 0 3
15 0 0 0 0 0 0 0 10 13 14 0 0 0 12 0
0 10 0 0 12 0 5 11 0 0 0 0 0 1 6 4
11 0 0 3 0 0 14 0 0 4 1 0 16 0 13 0
0 0 0 6 0 13 16 0 0 0 7 0 5 0 3 12
0 0 16 13 4 6 0 0 0 0 0 0 0 7 9 0
