15 0 0 13 0 0 10 0 0 0 0 0 16 3 0 14
4 0 12 7 3 16 0 0 6 8 0 11 0 0 0 0
10 0 0 0 9 0 15 1 0 0 0 0 0 12 5 4
14 0 0 0 0 7 0 0 13 0 15 0 0 0 8 0
0 0 0 0 6 0 0 0 1 0 0 7 8 0 0 0
0 0 16 8 0 0 9 0 0 14 0 0 0 0 4 0
9 15 7 0 16 8 0 0 5 0 0 6 0 0 14 3
0 0 0 0 0 0 3 0 8 0 11 0 0 7 0 9
0 16 14 11 4 9 5 0 0 13 1 0 0 0 0 8
0 0 10 0 0 3 0 13 0 0 0 14 0 4 0 5
0 0 4 9 0 11 0 16 12 6 0 0 3 15 13 1
0 13 0 0 0 0 8 0 0 7 5 0 0 0 0 2
0 0 0 0 0 15 7 9 14 0 0 0 0 0 12 0
0 0 8 0 1 14 0 3 10 0 0 2 0 0 0 0
0 0 5 15 0 0 0 11 4 0 0 8 0 0 0 13
0 0 1 0 8 0 6 0 0 0 0 0 10 0 0 0
