0 4 9 3 0 12 0 6 0 8 0 13 7 0 14 0
0 13 0 0 0 0 0 1 0 0 0 4 0 6 15 0
14 1 2 0 0 9 3 4 0 0 16 6 11 0 0 0
15 0 0 0 0 0 0 0 0 0 0 0 3 0 0 9
0 0 0 13 2 7 1 5 9 0 4 14 6 0 0 0
0 10 0 6 8 0 13 0 2 7 0 5 0 0 9 3
0 14 0 4 12 0 0 10 0 0 13 0 1 5 2 7
0 5 7 1 0 3 4 0 0 16 6 0 0 15 0 0
0 0 6 0 0 13 15 0 0 0 5 0 0 0 0 0
0 0 4 14 0 6 0 0 0 13 0 0 5 0 7 0
7 8 1 0 0 0 0 0 0 0 10 0 0 0 0 0
11 0 13 0 0 0 0 0 0 4 0 0 0 9 0 0
0 0 14 0 0 10 9 0 0 0 12 16 0 0 0 5
0 0 5 0 4 14 0 7 0 10 0 0 0 16 0 0
6 3 0 0 13 0 0 0 1 0 0 11 0 7 0 0
13 0 15 12 1 0 0 0 0 0 0 0 9 0 0 0
