0 9 0 16 0 11 10 13 0 0 0 0 0 8 0 14
0 12 3 0 0 14 0 0 0 0 0 0 1 0 16 0
8 0 7 0 5 0 0 2 0 9 6 16 0 0 0 11
0 11 0 4 0 0 1 6 7 0 8 15 3 2 0 0
0 0 0 11 0 5 6 0 0 16 0 14 0 10 0 0
0 5 6 0 11 15 0 0 2 0 0 12 8 1 14 0
10 4 0 12 0 0 8 0 0 15 7 0 6 0 0 0
0 0 0 14 0 0 0 0 0 0 0 9 0 7 11 15
11 0 0 0 8 1 0 9 15 0 0 0 0 0 0 0
9 0 16 0 2 0 0 0 5 0 0 6 0 14 13 0
0 0 0 0 6 0 5 12 16 0 9 0 0 11 0 0
0 3 0 0 0 7 15 0 0 0 0 2 0 0 0 0
0 0 9 0 10 0 11 0 12 0 0 0 0 16 7 8
0 8 14 0 3 0 12 0 0 6 0 1 11 0 0 0
0 0 0 10 1 6 9 0 0 8 16 7 12 4 3 2
4 0 12 3 0 0 0 0 11 0 0 10 0 0 0 0
