7 11 10 0 1 0 13 5 0 4 0 0 0 6 12 0
3 0 12 0 16 7 11 0 0 0 0 0 0 0 0 0
2 13 5 1 8 14 9 4 0 0 0 6 0 16 0 0
14 9 4 0 0 0 0 12 11 10 7 0 0 1 0 0
8 12 0 15 0 6 0 7 5 0 0 13 1 9 14 0
0 0 0 0 0 0 0 14 0 0 8 0 0 11 0 0
1 0 14 9 0 0 0 0 0 7 0 11 16 0 2 0
0 10 7 0 0 0 5 0 0 0 0 9 0 0 3 0
11 0 16 0 4 13 0 0 0 8 0 0 0 10 6 7
9 3 0 12 0 15 0 0 2 0 11 5 13 0 0 0
0 0 0 0 0 0 0 0 0 0 15 0 11 0 0 2
15 7 6 0 5 0 2 16 14 0 13 4 0 12 8 0
0 0 0 3 0 12 0 0 0 0 0 0 0 14 0 0
0 1 0 0 0 0 8 9 6 0 0 7 0 0 11 16
0 0 0 2 0 5 0 0 0 0 4 3 12 7 0 0
12 6 15 7 2 0 16 0 0 0 0 0 0 0 9 0
