0 0 0 0 0 3 13 0 6 0 0 0 0 14 0 7
3 0 0 15 14 9 0 16 2 0 0 10 1 11 6 4
9 0 0 14 0 0 0 6 0 0 0 13 8 0 2 0
0 0 0 0 0 0 10 0 16 0 0 7 0 0 0 0
0 12 0 4 0 2 15 3 1 0 16 0 0 0 0 14
5 14 0 0 0 16 11 0 0 0 0 0 0 0 0 0
16 11 1 7 0 6 0 0 9 13 5 0 0 0 3 15
2 0 0 0 0 0 0 0 8 4 0 0 16 7 1 11
0 2 15 0 0 13 0 0 0 0 4 0 0 0 0 0
0 0 0 9 1 0 6 0 0 0 0 5 0 0 0 0
4 6 0 0 8 0 2 0 0 9 0 0 0 0 0 5
13 0 14 3 0 7 0 0 0 8 0 0 4 0 0 0
0 8 10 0 2 15 0 13 4 16 0 0 0 0 7 9
14 0 7 0 16 11 1 0 0 0 15 0 0 0 0 0
0 3 0 0 5 0 0 7 0 0 0 8 11 16 0 1
11 0 0 0 6 0 0 0 7 0 14 9 0 0 0 0
