0 13 0 11 0 0 0 0 0 0 15 0 0 0 0 0
0 0 12 0 0 0 2 0 0 0 0 16 0 8 0 15
0 8 5 0 0 0 6 13 7 4 0 14 12 10 0 1
0 7 0 4 0 5 15 8 10 3 0 0 16 0 11 6
0 0 7 0 0 8 0 0 0 2 0 10 13 12 0 0
11 0 0 0 0 10 0 0 0 6 0 0 7 5 0 0
0 14 0 2 15 7 0 0 0 1 11 13 0 16 6 9
0 0 8 0 0 13 0 0 0 15 4 7 0 0 0 0
0 0 9 0 0 0 0 0 15 0 0 4 3 0 10 12
0 1 0 13 10 0 12 2 6 0 0 0 0 0 7 0
0 2 3 0 0 4 14 0 0 13 16 11 0 0 0 0
14 15 0 7 8 9 0 0 0 0 0 3 0 0 0 16
0 0 0 0 16 0 8 11 0 0 10 0 0 0 0 13
0 0 0 12 0 0 0 4 11 0 8 6 0 9 5 7
0 0 0 16 0 0 0 3 0 5 0 15 0 4 0 0
0 4 2 14 0 15 0 9 0 12 13 0 0 0 0 0
