12 8 4 10 0 6 16 2 0 1 0 0 0 0 0 0
0 14 0 15 7 13 0 9 0 0 3 0 4 10 0 12
16 0 0 0 0 10 0 0 9 0 0 0 11 15 0 1
0 0 9 13 14 15 0 11 4 12 0 0 0 6 0 0
0 9 0 0 0 1 0 0 0 0 4 12 7 16 2 13
0 0 0 0 2 0 13 0 0 6 0 1 0 5 9 0
13 2 7 16 4 0 0 0 0 0 9 0 0 1 0 6
0 0 0 0 0 5 0 0 7 13 0 0 0 0 0 15
0 0 0 0 5 0 0 0 0 9 0 0 0 14 12 11
9 0 13 7 12 0 11 0 10 0 5 0 0 0 0 2
0 0 0 0 1 0 0 0 15 0 0 14 0 0 16 0
11 12 0 0 0 0 0 13 0 2 1 0 0 8 0 0
0 0 0 9 0 0 3 1 0 0 0 4 16 0 0 0
0 10 12 0 0 2 0 0 0 0 0 0 5 9 0 8
0 15 0 11 13 0 0 5 16 7 6 0 0 0 10 14
7 0 16 0 10 0 14 0 5 0 0 9 0 11 15 0
